42.3012 0.892 0.880 
61.3112 1.451 0.991 
62.4226 1.040 0.951 
63.3818 0.124 0.929 
63.6368 0.031 0.907 
64.6654 -1.145 0.900 
65.3191 -2.451 0.902 
66.4975 0.018 0.834 
66.5591 -0.781 0.896 
68.5387 -0.523 0.954 
72.3555 -1.316 0.955 
72.3606 -1.973 0.855 
73.5510 -3.786 0.892 
74.6851 -4.235 0.821 
75.5111 -5.181 0.879 
75.6715 -5.266 0.933 
77.4936 -4.301 0.973 
79.5550 -1.985 0.909 
80.3904 -0.360 0.914 
81.5073 1.363 0.892 
82.5675 5.023 0.903 
83.4818 5.095 0.844 
84.3257 2.556 0.921 
86.6241 5.487 0.910 
88.4175 0.265 0.957 
90.3877 1.867 0.846 
90.5907 2.363 0.911 
91.3985 1.985 0.923 
91.5022 1.908 0.852 
91.6839 2.098 0.865 
92.3804 2.229 0.888 
95.3830 2.001 0.943 
97.5899 2.143 0.961 
98.3392 0.337 0.853 
104.4215 3.109 0.954 
105.4150 4.407 0.953 
105.6058 5.037 0.886 
106.3406 4.823 0.868 
106.4475 6.690 0.839 
107.4992 2.435 0.968 
107.6763 1.677 0.860 
109.5584 -1.692 0.895 
111.4294 -1.724 0.870 
115.4146 -1.619 0.857 
124.4762 3.199 0.871 
132.4071 3.593 0.869 
134.5579 2.265 0.828 
134.6382 2.787 0.885 
135.6082 0.189 0.862 
137.4612 0.550 0.901 
138.3443 1.428 0.955 
140.3478 0.015 0.894 
140.3952 0.989 0.933 
141.6000 0.663 0.937 
143.4303 5.273 0.906 
143.4435 4.276 0.872 
145.5066 2.055 0.919 
146.3043 0.219 0.887 
146.6326 0.092 0.882 
148.5593 -2.831 0.898 
149.6432 -2.633 0.868 
154.3021 0.397 0.935 
154.6311 1.507 0.895 
155.4620 0.078 0.914 
155.6977 0.451 0.865 
156.5993 -0.624 0.919 
158.6511 -3.477 0.977 
159.6074 -5.307 0.871 
159.6627 -3.572 0.906 
160.3884 -5.237 0.893 
161.6454 -2.530 0.956 
163.6533 1.193 0.908 
165.4640 5.563 0.932 
169.6186 0.837 0.925 
169.6570 -1.918 0.816 
170.6813 0.210 0.914 
171.6606 1.217 0.862 
172.4906 -1.273 0.920 
173.4207 1.628 0.872 
173.4731 1.069 0.920 
173.4931 0.371 0.904 
176.3300 2.095 0.851 
179.4720 3.500 0.923 
179.6292 2.989 0.812 
181.5117 -0.992 0.936 
183.5232 3.916 0.884 
184.5600 3.146 0.894 
193.5731 -2.186 0.825 
208.3728 -0.145 0.863 
209.6591 0.202 0.890 
219.6884 -0.391 0.927 
220.4748 -0.517 0.845 
230.5698 -1.135 0.872 
231.5875 -1.228 0.866 
233.4877 -2.261 0.915 
234.3178 -2.164 0.840 
234.3231 -3.742 0.869 
235.6170 -1.572 0.990 
366.5011 -5.985 0.883 
367.5200 -5.282 0.908 
369.5843 -3.448 0.875 
370.6248 -0.366 0.817 
379.5384 2.701 0.919 
384.4668 2.466 0.979 
390.4103 0.808 0.846 
393.5866 6.268 0.955 
397.4144 -0.655 0.905 
397.5315 -0.765 0.924 
398.6511 -2.399 0.964 
402.6339 -0.847 0.893 
405.5937 -0.836 0.905 
408.4032 -3.842 0.917 
428.6078 4.294 0.852 
431.6673 6.701 0.955 
433.3118 4.471 0.922 
434.4970 3.181 0.924 
436.3743 -0.313 0.868 
437.4383 0.569 0.919 
437.4517 0.012 0.867 
442.4232 2.910 0.873 
445.4576 -1.231 0.864 
447.5416 -2.401 0.903 
447.5716 -3.524 0.814 
448.3753 -2.072 0.870 
449.3985 -2.690 0.953 
449.6170 -4.368 0.860 
452.4413 -0.223 0.977 
454.6543 1.465 0.903 
455.6945 0.860 0.922 
461.4340 0.811 0.850 
461.5634 -0.210 0.911 
462.3181 1.702 0.928 
462.5356 2.072 0.896 
463.4506 2.546 0.812 
463.6619 3.320 0.987 
466.4646 6.018 0.951 
466.5488 6.632 0.884 
467.3079 5.823 0.931 
470.4040 3.227 0.947 
476.4137 2.695 0.816 
477.6192 5.463 0.861 
478.3217 3.814 0.943 
479.4248 5.151 0.790 
481.3238 0.940 0.908 
482.4761 2.497 0.907 
484.6115 -1.575 0.815 
485.6456 0.012 0.942 
486.5202 0.765 0.949 
488.5416 -0.076 0.902 
488.6528 1.590 0.870 
490.5601 0.010 0.923 
492.6997 -0.018 0.844 
493.4925 1.592 0.903 
495.6533 -2.885 0.918 
499.5455 -1.038 0.901 
501.4379 3.349 0.913 
501.6935 2.108 0.861 
504.3670 3.217 0.878 
505.6235 1.200 0.977 
508.6685 1.409 0.936 
509.3746 1.767 0.865 
513.5267 7.699 0.952 
515.4359 5.050 0.908 
515.5869 5.435 0.786 
516.5890 3.642 0.902 
517.3084 3.896 0.957 
518.3209 2.343 0.780 
518.6438 1.296 0.920 
519.5716 1.137 0.870 
520.4714 0.132 0.964 
521.5189 -0.077 0.897 
521.5293 -0.436 0.895 
522.4807 -1.312 1.003 
522.4886 0.169 0.853 
523.6559 -0.552 0.930 
524.5746 0.068 0.880 
525.3804 3.114 0.834 
526.3525 1.435 0.926 
528.3652 -2.001 0.868 
528.4627 -0.654 0.852 
530.6403 -3.516 1.023 
535.6669 -2.289 0.965 
538.6002 0.807 0.841 
539.6226 -0.337 0.909 
541.5437 -0.645 0.887 
542.4244 -1.659 0.850 
542.4533 -1.660 0.857 
542.6072 -2.605 0.896 
546.6332 0.857 0.923 
551.3486 2.704 0.926 
554.3013 -0.060 0.948 
556.3744 0.061 0.891 
556.4603 -3.129 0.980 
568.5331 -2.619 0.911 
575.4967 -1.292 0.999 
582.4255 -1.199 0.854 
582.4715 -2.595 0.933 
586.5694 0.788 0.906 
586.6566 0.319 0.872 
595.4194 2.921 0.884 
